import numpy as np

## make an initial error list for each of 36 goals for each of 36 agents
        #def error(): irl

##make matrix of each agent' error list (each error list is a row):

def AveCon():

    agents = loopy.agents

    A = np.array([ [0,0,0,0,0,0,0,0,0,0,0,0,0,0,0,0,0,0,0,0,0,0,0,0,0,0,0,0,0,0,0,0,0,0,0,agents[0].ErrorList[-1],agents[0].ErrorList],
                   [0,0,0,0,0,0,0,0,0,0,0,0,0,0,0,0,0,0,0,0,0,0,0,0,0,0,0,0,0,0,0,0,0,0,agents[1].ErrorList[-1],agents[1].ErrorList,agents[1].ErrorList[0]],
                   [0,0,0,0,0,0,0,0,0,0,0,0,0,0,0,0,0,0,0,0,0,0,0,0,0,0,0,0,0,0,0,0,0,agents[2].ErrorList[-1],agents[2].ErrorList,agents[2].ErrorList[0],0],
                   [0,0,0,0,0,0,0,0,0,0,0,0,0,0,0,0,0,0,0,0,0,0,0,0,0,0,0,0,0,0,0,0,agents[3].ErrorList[-1],agents[3].ErrorList,agents[3].ErrorList[0],0,0],
                   [0,0,0,0,0,0,0,0,0,0,0,0,0,0,0,0,0,0,0,0,0,0,0,0,0,0,0,0,0,0,0,agents[4].ErrorList[-1],agents[4].ErrorList,agents[4].ErrorList[0],0,0,0],
                   [0,0,0,0,0,0,0,0,0,0,0,0,0,0,0,0,0,0,0,0,0,0,0,0,0,0,0,0,0,0,agents[5].ErrorList[-1],agents[5].ErrorList,agents[5].ErrorList[0],0,0,0,0],
                   [0,0,0,0,0,0,0,0,0,0,0,0,0,0,0,0,0,0,0,0,0,0,0,0,0,0,0,0,0,agents[6].ErrorList[-1],agents[6].ErrorList,agents[6].ErrorList[0],0,0,0,0,0],
                   [0,0,0,0,0,0,0,0,0,0,0,0,0,0,0,0,0,0,0,0,0,0,0,0,0,0,0,0,agents[7].ErrorList[-1],agents[7].ErrorList,agents[7].ErrorList[0],0,0,0,0,0,0],
                   [0,0,0,0,0,0,0,0,0,0,0,0,0,0,0,0,0,0,0,0,0,0,0,0,0,0,0,agents[8].ErrorList[-1],agents[8].ErrorList,agents[8].ErrorList[0],0,0,0,0,0,0,0],
                   [0,0,0,0,0,0,0,0,0,0,0,0,0,0,0,0,0,0,0,0,0,0,0,0,0,0,agents[9].ErrorList[-1],agents[9].ErrorList,agents[9].ErrorList[0],0,0,0,0,0,0,0,0],
                   [0,0,0,0,0,0,0,0,0,0,0,0,0,0,0,0,0,0,0,0,0,0,0,0,0,agents[10].ErrorList[-1],agents[10].ErrorList,agents[10].ErrorList[0],0,0,0,0,0,0,0,0,0],
                   [0,0,0,0,0,0,0,0,0,0,0,0,0,0,0,0,0,0,0,0,0,0,0,0,agents[11].ErrorList[-1],agents[11].ErrorList,agents[11].ErrorList[0],0,0,0,0,0,0,0,0,0,0],
                   [0,0,0,0,0,0,0,0,0,0,0,0,0,0,0,0,0,0,0,0,0,0,0,agents[12].ErrorList[-1],agents[12].ErrorList,agents[12].ErrorList[0],0,0,0,0,0,0,0,0,0,0,0],
                   [0,0,0,0,0,0,0,0,0,0,0,0,0,0,0,0,0,0,0,0,0,0,agents[13].ErrorList[-1],agents[13].ErrorList,agents[13].ErrorList[0],0,0,0,0,0,0,0,0,0,0,0,0],
                   [0,0,0,0,0,0,0,0,0,0,0,0,0,0,0,0,0,0,0,0,0,agents[14].ErrorList[-1],agents[14].ErrorList,agents[14].ErrorList[0],0,0,0,0,0,0,0,0,0,0,0,0,0],
                   [0,0,0,0,0,0,0,0,0,0,0,0,0,0,0,0,0,0,0,0,agents[15].ErrorList[-1],agents[15].ErrorList,agents[15].ErrorList[0],0,0,0,0,0,0,0,0,0,0,0,0,0,0],
                   [0,0,0,0,0,0,0,0,0,0,0,0,0,0,0,0,0,0,0,agents[16].ErrorList[-1],agents[16].ErrorList,agents[16].ErrorList[0],0,0,0,0,0,0,0,0,0,0,0,0,0,0,0],
                   [0,0,0,0,0,0,0,0,0,0,0,0,0,0,0,0,0,0,agents[17].ErrorList[-1],agents[17].ErrorList,agents[17].ErrorList[0],0,0,0,0,0,0,0,0,0,0,0,0,0,0,0,0],
                   [0,0,0,0,0,0,0,0,0,0,0,0,0,0,0,0,0,agents[18].ErrorList[-1],agents[18].ErrorList,agents[18].ErrorList[0],0,0,0,0,0,0,0,0,0,0,0,0,0,0,0,0,0],
                   [0,0,0,0,0,0,0,0,0,0,0,0,0,0,0,0,agents[19].ErrorList[-1],agents[19].ErrorList,agents[19].ErrorList[0],0,0,0,0,0,0,0,0,0,0,0,0,0,0,0,0,0,0],
                   [0,0,0,0,0,0,0,0,0,0,0,0,0,0,0,agents[20].ErrorList[-1],agents[20].ErrorList,agents[20].ErrorList[0],0,0,0,0,0,0,0,0,0,0,0,0,0,0,0,0,0,0,0],
                   [0,0,0,0,0,0,0,0,0,0,0,0,0,0,agents[21].ErrorList[-1],agents[21].ErrorList,agents[21].ErrorList[0],0,0,0,0,0,0,0,0,0,0,0,0,0,0,0,0,0,0,0,0],
                   [0,0,0,0,0,0,0,0,0,0,0,0,0,agents[22].ErrorList[-1],agents[22].ErrorList,agents[22].ErrorList[0],0,0,0,0,0,0,0,0,0,0,0,0,0,0,0,0,0,0,0,0,0],
                   [0,0,0,0,0,0,0,0,0,0,0,0,agents[23].ErrorList[-1],agents[23].ErrorList,agents[23].ErrorList[0],0,0,0,0,0,0,0,0,0,0,0,0,0,0,0,0,0,0,0,0,0,0],
                   [0,0,0,0,0,0,0,0,0,0,0,agents[24].ErrorList[-1],agents[24].ErrorList,agents[24].ErrorList[0],0,0,0,0,0,0,0,0,0,0,0,0,0,0,0,0,0,0,0,0,0,0,0],
                   [0,0,0,0,0,0,0,0,0,0,agents[25].ErrorList[-1],agents[25].ErrorList,agents[25].ErrorList[0],0,0,0,0,0,0,0,0,0,0,0,0,0,0,0,0,0,0,0,0,0,0,0,0],
                   [0,0,0,0,0,0,0,0,0,agents[26].ErrorList[-1],agents[26].ErrorList,agents[26].ErrorList[0],0,0,0,0,0,0,0,0,0,0,0,0,0,0,0,0,0,0,0,0,0,0,0,0,0],
                   [0,0,0,0,0,0,0,0,agents[27].ErrorList[-1],agents[27].ErrorList,agents[27].ErrorList[0],0,0,0,0,0,0,0,0,0,0,0,0,0,0,0,0,0,0,0,0,0,0,0,0,0,0],
                   [0,0,0,0,0,0,0,agents[28].ErrorList[-1],agents[28].ErrorList,agents[28].ErrorList[0],0,0,0,0,0,0,0,0,0,0,0,0,0,0,0,0,0,0,0,0,0,0,0,0,0,0,0],
                   [0,0,0,0,0,0,agents[29].ErrorList[-1],agents[29].ErrorList,agents[29].ErrorList[0],0,0,0,0,0,0,0,0,0,0,0,0,0,0,0,0,0,0,0,0,0,0,0,0,0,0,0,0],
                   [0,0,0,0,0,agents[30].ErrorList[-1],agents[30].ErrorList,agents[30].ErrorList[0],0,0,0,0,0,0,0,0,0,0,0,0,0,0,0,0,0,0,0,0,0,0,0,0,0,0,0,0,0],
                   [0,0,0,0,agents[31].ErrorList[-1],agents[31].ErrorList,agents[31].ErrorList[0],0,0,0,0,0,0,0,0,0,0,0,0,0,0,0,0,0,0,0,0,0,0,0,0,0,0,0,0,0,0],
                   [0,0,0,agents[32].ErrorList[-1],agents[32].ErrorList,agents[32].ErrorList[0],0,0,0,0,0,0,0,0,0,0,0,0,0,0,0,0,0,0,0,0,0,0,0,0,0,0,0,0,0,0,0],
                   [0,0,agents[33].ErrorList[-1],agents[33].ErrorList,agents[33].ErrorList[0],0,0,0,0,0,0,0,0,0,0,0,0,0,0,0,0,0,0,0,0,0,0,0,0,0,0,0,0,0,0,0,0],
                   [0,agents[34].ErrorList[-1],agents[34].ErrorList,agents[34].ErrorList[0],0,0,0,0,0,0,0,0,0,0,0,0,0,0,0,0,0,0,0,0,0,0,0,0,0,0,0,0,0,0,0,0,0],
                   [agents[35].ErrorList[-1],agents[35].ErrorList,agents[35].ErrorList[0],0,0,0,0,0,0,0,0,0,0,0,0,0,0,0,0,0,0,0,0,0,0,0,0,0,0,0,0,0,0,0,0,0,0] ])



    # average the agent's error list values
    #for each agent (each row), average with rows above/below (shifted by +/- 1) !!!!PROBLEM!!!
    def average():
        for i in range(len(A)):
            if i == 0:
                prevRow = A[-1, :].tolist()
                currRow = A[i, :].tolist()
                nextRow = A[i + 1, :].tolist()
            elif i == 35:
                prevRow = A[i - 1, :].tolist()
                currRow = A[i, :].tolist()
                nextRow = A[0, :].tolist()
            else:
                prevRow  = A[i-1,:].tolist()
                currRow = A[i,:].tolist()
                nextRow = A[i+1,:].tolist()
            temp = np.array([[prevRow], [currRow], [nextRow]])
            temp = temp.sum(axis=0)
            temp = temp/3
            A[i] = temp


    for i in range(500):
        average()
    print("consensus has been reached")

#print chosen orientation for each agent
    for i in range(len(A)):
        row = A[i,:].tolist()
        row = row[(36-i):(72-i)]
        print('agent ' + str(i) + 's goal is ' + str(row.index(min(row))))

AveCon()


'''old/ debugging stuff:

def AveCon():
    A = np.array([[0, 0, 0, 0, 0, 0, 0, 0, 0, 0, 0, 0, 0, 0, 0, 0, 0, 0, 0, 0, 0, 0, 0, 0, 0, 0, 0, 0, 0, 0, 0, 0, 0, 0, 0, 5, 3, 6, 5],
                  [0, 0, 0, 0, 0, 0, 0, 0, 0, 0, 0, 0, 0, 0, 0, 0, 0, 0, 0, 0, 0, 0, 0, 0, 0, 0, 0, 0, 0, 0, 0, 0, 0, 0, 5, 3, 12, 5, 3],
                  [0, 0, 0, 0, 0, 0, 0, 0, 0, 0, 0, 0, 0, 0, 0, 0, 0, 0, 0, 0, 0, 0, 0, 0, 0, 0, 0, 0, 0, 0, 0, 0, 0, 5, 3, -4, 5, 3, 0],
                  [0, 0, 0, 0, 0, 0, 0, 0, 0, 0, 0, 0, 0, 0, 0, 0, 0, 0, 0, 0, 0, 0, 0, 0, 0, 0, 0, 0, 0, 0, 0, 0, 5, 3, 4, 5, 3, 0, 0],
                  [0, 0, 0, 0, 0, 0, 0, 0, 0, 0, 0, 0, 0, 0, 0, 0, 0, 0, 0, 0, 0, 0, 0, 0, 0, 0, 0, 0, 0, 0, 0, 5, 3, 4, 5, 3, 0, 0, 0],
                  [0, 0, 0, 0, 0, 0, 0, 0, 0, 0, 0, 0, 0, 0, 0, 0, 0, 0, 0, 0, 0, 0, 0, 0, 0, 0, 0, 0, 0, 0, 5, 3, 4, 5, 3, 0, 0, 0, 0],
                  [0, 0, 0, 0, 0, 0, 0, 0, 0, 0, 0, 0, 0, 0, 0, 0, 0, 0, 0, 0, 0, 0, 0, 0, 0, 0, 0, 0, 0, 5, 3, 4, 5, 3, 0, 0, 0, 0, 0],
                  [0, 0, 0, 0, 0, 0, 0, 0, 0, 0, 0, 0, 0, 0, 0, 0, 0, 0, 0, 0, 0, 0, 0, 0, 0, 0, 0, 0, 5, 3, -9, 5, 3, 0, 0, 0, 0, 0, 0],
                  [0, 0, 0, 0, 0, 0, 0, 0, 0, 0, 0, 0, 0, 0, 0, 0, 0, 0, 0, 0, 0, 0, 0, 0, 0, 0, 0, 5, 3, 26, 5, 3, 0, 0, 0, 0, 0, 0, 0],
                  [0, 0, 0, 0, 0, 0, 0, 0, 0, 0, 0, 0, 0, 0, 0, 0, 0, 0, 0, 0, 0, 0, 0, 0, 0, 0, 5, 3, 4, 5, 3, 0, 0, 0, 0, 0, 0, 0, 0],
                  [0, 0, 0, 0, 0, 0, 0, 0, 0, 0, 0, 0, 0, 0, 0, 0, 0, 0, 0, 0, 0, 0, 0, 0, 0, 5, 3, 4, 5, 3, 0, 0, 0, 0, 0, 0, 0, 0, 0],
                  [0, 0, 0, 0, 0, 0, 0, 0, 0, 0, 0, 0, 0, 0, 0, 0, 0, 0, 0, 0, 0, 0, 0, 0, 5, 3, -18, 5, 3, 0, 0, 0, 0, 0, 0, 0, 0, 0, 0],
                  [0, 0, 0, 0, 0, 0, 0, 0, 0, 0, 0, 0, 0, 0, 0, 0, 0, 0, 0, 0, 0, 0, 0, 5, 3, 18, 5, 3, 0, 0, 0, 0, 0, 0, 0, 0, 0, 0, 0],
                  [0, 0, 0, 0, 0, 0, 0, 0, 0, 0, 0, 0, 0, 0, 0, 0, 0, 0, 0, 0, 0, 0, 5, 3, 4, 5, 3, 0, 0, 0, 0, 0, 0, 0, 0, 0, 0, 0, 0],
                  [0, 0, 0, 0, 0, 0, 0, 0, 0, 0, 0, 0, 0, 0, 0, 0, 0, 0, 0, 0, 0, 5, 3, 4, 5, 3, 0, 0, 0, 0, 0, 0, 0, 0, 0, 0, 0, 0, 0],
                  [0, 0, 0, 0, 0, 0, 0, 0, 0, 0, 0, 0, 0, 0, 0, 0, 0, 0, 0, 0, 5, 3, 4, 5, 3, 0, 0, 0, 0, 0, 0, 0, 0, 0, 0, 0, 0, 0, 0],
                  [0, 0, 0, 0, 0, 0, 0, 0, 0, 0, 0, 0, 0, 0, 0, 0, 0, 0, 0, 5, 3, 4, 5, 3, 0, 0, 0, 0, 0, 0, 0, 0, 0, 0, 0, 0, 0, 0, 0],
                  [0, 0, 0, 0, 0, 0, 0, 0, 0, 0, 0, 0, 0, 0, 0, 0, 0, 0, 5, 3, 4, 5, 3, 0, 0, 0, 0, 0, 0, 0, 0, 0, 0, 0, 0, 0, 0, 0, 0],
                  [0, 0, 0, 0, 0, 0, 0, 0, 0, 0, 0, 0, 0, 0, 0, 0, 0, 5, 3, 2, 5, 3, 0, 0, 0, 0, 0, 0, 0, 0, 0, 0, 0, 0, 0, 0, 0, 0, 0],
                  [0, 0, 0, 0, 0, 0, 0, 0, 0, 0, 0, 0, 0, 0, 0, 0, 5, 3, 4, 5, 3, 0, 0, 0, 0, 0, 0, 0, 0, 0, 0, 0, 0, 0, 0, 0, 0, 0, 0],
                  [0, 0, 0, 0, 0, 0, 0, 0, 0, 0, 0, 0, 0, 0, 0, 5, 3, 4, 5, 3, 0, 0, 0, 0, 0, 0, 0, 0, 0, 0, 0, 0, 0, 0, 0, 0, 0, 0, 0],
                  [0, 0, 0, 0, 0, 0, 0, 0, 0, 0, 0, 0, 0, 0, 5, 3, 0, 5, 3, 0, 0, 0, 0, 0, 0, 0, 0, 0, 0, 0, 0, 0, 0, 0, 0, 0, 0, 0, 0],
                  [0, 0, 0, 0, 0, 0, 0, 0, 0, 0, 0, 0, 0, 5, 3, 4, 5, 3, 0, 0, 0, 0, 0, 0, 0, 0, 0, 0, 0, 0, 0, 0, 0, 0, 0, 0, 0, 0, 0],
                  [0, 0, 0, 0, 0, 0, 0, 0, 0, 0, 0, 0, 5, 3, 4, 5, 3, 0, 0, 0, 0, 0, 0, 0, 0, 0, 0, 0, 0, 0, 0, 0, 0, 0, 0, 0, 0, 0, 0],
                  [0, 0, 0, 0, 0, 0, 0, 0, 0, 0, 0, 5, 3, 1, 5, 3, 0, 0, 0, 0, 0, 0, 0, 0, 0, 0, 0, 0, 0, 0, 0, 0, 0, 0, 0, 0, 0, 0, 0],
                  [0, 0, 0, 0, 0, 0, 0, 0, 0, 0, 5, 3, -14, 5, 3, 0, 0, 0, 0, 0, 0, 0, 0, 0, 0, 0, 0, 0, 0, 0, 0, 0, 0, 0, 0, 0, 0, 0, 0],
                  [0, 0, 0, 0, 0, 0, 0, 0, 0, 5, 3, 7, 5, 3, 0, 0, 0, 0, 0, 0, 0, 0, 0, 0, 0, 0, 0, 0, 0, 0, 0, 0, 0, 0, 0, 0, 0, 0, 0],
                  [0, 0, 0, 0, 0, 0, 0, 0, 5, 3, 9, 5, 3, 0, 0, 0, 0, 0, 0, 0, 0, 0, 0, 0, 0, 0, 0, 0, 0, 0, 0, 0, 0, 0, 0, 0, 0, 0, 0],
                  [0, 0, 0, 0, 0, 0, 0, 5, 3, -11, 5, 3, 0, 0, 0, 0, 0, 0, 0, 0, 0, 0, 0, 0, 0, 0, 0, 0, 0, 0, 0, 0, 0, 0, 0, 0, 0, 0, 0],
                  [0, 0, 0, 0, 0, 0, 5, 3, 4, 5, 3, 0, 0, 0, 0, 0, 0, 0, 0, 0, 0, 0, 0, 0, 0, 0, 0, 0, 0, 0, 0, 0, 0, 0, 0, 0, 0, 0, 0],
                  [0, 0, 0, 0, 0, 5, 3, 13, 5, 3, 0, 0, 0, 0, 0, 0, 0, 0, 0, 0, 0, 0, 0, 0, 0, 0, 0, 0, 0, 0, 0, 0, 0, 0, 0, 0, 0, 0, 0],
                  [0, 0, 0, 0, 5, 3, 4, 5, 3, 0, 0, 0, 0, 0, 0, 0, 0, 0, 0, 0, 0, 0, 0, 0, 0, 0, 0, 0, 0, 0, 0, 0, 0, 0, 0, 0, 0, 0, 0],
                  [0, 0, 0, 5, 3, 14, 5, 3, 0, 0, 0, 0, 0, 0, 0, 0, 0, 0, 0, 0, 0, 0, 0, 0, 0, 0, 0, 0, 0, 0, 0, 0, 0, 0, 0, 0, 0, 0, 0],
                  [0, 0, 5, 3, 17, 5, 3, 0, 0, 0, 0, 0, 0, 0, 0, 0, 0, 0, 0, 0, 0, 0, 0, 0, 0, 0, 0, 0, 0, 0, 0, 0, 0, 0, 0, 0, 0, 0, 0],
                  [0, 5, 3, -3, 5, 3, 0, 0, 0, 0, 0, 0, 0, 0, 0, 0, 0, 0, 0, 0, 0, 0, 0, 0, 0, 0, 0, 0, 0, 0, 0, 0, 0, 0, 0, 0, 0, 0, 0],
                  [5, 3, 4, 5, 3, 0, 0, 0, 0, 0, 0, 0, 0, 0, 0, 0, 0, 0, 0, 0, 0, 0, 0, 0, 0, 0, 0, 0, 0, 0, 0, 0, 0, 0, 0, 0, 0, 0, 0]])
'''

'''
    def AssignOrientation(CirList):  # assign chosen orientation to all agents
        curr_node = CirList.head
        while curr_node.next:
            print("Assinging an orientation for: " + curr_node.next.data.name)
            index = curr_node.data.name
            my_orientation = curr_node.data.ErrorList.index(min(curr_node.data.ErrorList))
            # print (str(index) + 'goal orient' + str(my_orientation))
            curr_node.data.desired_angle = LetterList[my_orientation]
            curr_node = curr_node.next
            if curr_node == CirList.head:
                break

    AssignOrientation(CircularAgentList)
'''
